0.2533333333333333
0.23666666666666664
0.18666666666666665
0.26999999999999996
0.2033333333333333
0.23666666666666664
0.18666666666666665
0.18666666666666665
0.2033333333333333
0.2533333333333333
0.2533333333333333
0.21999999999999997
0.21999999999999997
0.21999999999999997
0.23666666666666664
0.23666666666666664
0.2533333333333333
0.23666666666666664
0.23666666666666664
0.2866666666666666
0.21999999999999997
0.23666666666666664
0.23666666666666664
0.2533333333333333
0.26999999999999996
0.26999999999999996
0.32
0.23666666666666664
0.33666666666666667
0.23666666666666664
0.2533333333333333
0.2866666666666666
0.35333333333333333
0.2533333333333333
0.30333333333333334
0.2533333333333333
0.30333333333333334
0.2033333333333333
0.18666666666666665
0.2533333333333333
0.21999999999999997
0.23666666666666664
0.2033333333333333
0.26999999999999996
0.2533333333333333
0.21999999999999997
0.32
0.38666666666666666
0.4033333333333333
0.2533333333333333
0.2866666666666666
